rate: 100
use_delta_angles: true
max_temp: 75
address: /dev/ttyS4
tov_address: /dev/ttyS5
link_name: "kvh_link"
baudrate: 921600
orientation_covariance: [1, 0, 0, 0, 1, 0, 0, 0, 1]
linear_covariance: [1.772616096714e-07, 4.916637353471e-07, -9.07688139831e-08, 4.916637353471e-07, 1.06471811833415e-05, -5.617415680464e-07, -9.07688139831e-08, -5.617415680464e-07, 7.09176068071e-08]
angular_covariance: [0.004032319786364, -0.003199191324474, 0.006184800107087, -0.003199191324474, 0.004859566231597, -0.004691245394522, 0.006184800107087, -0.004691245394522, 0.021901510894957]
